1448305718361268224 1448307158047764488 1448334183886213122 1448340096156057600 1448341192987533316 1448343106491924488 1448343810728243202 1448345834408513547
1448332916279451650 1448342381519155201 1448345056910274561 1448345489036959744 1448359924392660992 1448365319874093062 1448371907175272450 1448381481353687046 1448383685166780417 1448384324689088513
1448339074851295234 1448341666318807040 1448356176945717249 1448359153978593281 1448360035239833611 1448360924247560199 1448384780224147465
1448347757056569345 1448353597217906688 1448353872330858498 1448354911918329856 1448355347605950465 1448356913448566784 1448357856407916552 1448359190737473537
1448363606924427267 1448395433789829125 1448396180317163523 1448397381238759437 1448399631893901312 1448400250897567749 1448400935835688965 1448401418164084739 1448401761073606665
1448363606924427267 1448395433789829125 1448396180317163523 1448397381238759437 1448399631893901312 1448400250897567749 1448400935835688965 1448401452360216579
1448363606924427267 1448395433789829125 1448396180317163523 1448397381238759437 1448399631893901312 1448400250897567749 1448401263587123205 1448401661731422208 1448401878245588993 1448402230714028033
1448365416137601026 1448410705984737285 1448430911415066626 1448431828088475649 1448433499359297538 1448433884782342148 1448434117843066887
1448365416137601026 1448410705984737285 1448430911415066626 1448431828088475649 1448433499359297538 1448433884782342148 1448453541564198913
1448371375329222659 1448375249192595458 1448379760158154761 1448382235632181256 1448383008160026629 1448391319630585857 1448392723334107146 1448394082125062154 1448419564140646402
1448371375329222659 1448375979651616778 1448380080930099201 1448380574071246854 1448381235764600834 1448388796836466690 1448389859803021318 1448390631341101059
1448424544759427084 1448424550472077316 1448424553064112128 1448424556176281601 1448424558692798471 1448424561389752320 1448424564283908098 1448424566884274179
1448424544759427084 1448424550472077316 1448424553064112128 1448424556176281601 1448424558692798471 1448424561389752320 1448434580755734529
1448457379994079233 1448459294303789056 1448460391583977474 1448461840514785282 1448462925157568512 1448463871484772352 1448465092551512069
1448457379994079233 1448459294303789056 1448460391583977474 1448461840514785282 1448462925157568512 1448463871484772352 1448465520123170817 1448467031087534081 1448468912589479937 1448470274916159490 1448472784074588166 1448473323030056961
1448457379994079233 1448459294303789056 1448460391583977474 1448461840514785282 1448462925157568512 1448463871484772352 1448465520123170817 1448467031087534081 1448468912589479937 1448470274916159490 1448472784074588166 1448476470804877313 1448477372907393024
1448457379994079233 1448459294303789056 1448460391583977474 1448461840514785282 1448462925157568512 1448463871484772352 1448465520123170817 1448467031087534081 1448468912589479937 1448470511466520579
1448461968407515136 1448463113238495232 1448464563754708993 1448465740823252995 1448466347776675842 1448467183462457348 1448467553387487234 1448467940987314179 1448469112812933123 1448469437405933572 1448469804927668225 1448470109878689800 1448470437411819520 1448470721886294016
1448462868484079616 1448463518160850947 1448464200473399298 1448464745095319553 1448465255751954438 1448465675081510915 1448466391074545670 1448468035757494272 1448468441086795780
1448466425270743050 1448475794452332545 1448476629399973894 1448477326971260934 1448477559273009152 1448478570334941184 1448478980420538375
1448469150997749765 1448470369980063752 1448471562881888262 1448473096009228290 1448473791126925314 1448474291385872389 1448474734279028736 1448475165038419971
1448471978504032264 1448472897144643587 1448473299705638913 1448473882978103300 1448474553089466371 1448474772719931393 1448475366029463561
1448477615187058692 1448477832674529285 1448479259681562624 1448479702218330112 1448479986680225792 1448480629516079109 1448481507681738753 1448481884309184516
1448477932922576896 1448478184220024832 1448478729118748672 1448479922469617666 1448480223410987008 1448481196493660160 1448482452134105094 1448482947800223745
1448477991810387973 1448478272069701638 1448478560428060673 1448478904579235844 1448479071931801602 1448479189640699917 1448479294985015299
